419.484436
190.039398
469.225769
1000.000000
317.039612
473.586060
477.868317
221.929108
556.119324
1000.000000
252.380905
676.585327
468.506348
296.009979
595.659241
1000.000000
258.420074
560.727356
487.497986
229.550934
560.993652
1000.000000
261.032623
593.885315
459.238678
297.419739
656.513000
1000.000000
192.250412
497.814636
482.775696
244.590759
603.052307
1000.000000
189.522018
474.985413
473.581024
283.822113
617.767517
1000.000000
243.620087
550.796692
424.607361
319.303040
668.699463
1000.000000
245.345840
536.164612
504.150146
244.247406
557.375366
1000.000000
257.064087
564.163452
361.801666
381.420013
662.748779
1000.000000
379.115417
699.590271
519.844666
191.759964
521.942688
1000.000000
290.014130
715.515869
318.648682
373.516449
721.742859
1000.000000
239.785019
539.444702
471.659821
270.302399
617.218140
1000.000000
273.382751
644.718018
378.218536
364.446289
692.283936
1000.000000
204.614929
570.773010
439.490570
340.722626
661.453552
1000.000000
196.614578
476.013397
439.508209
280.353699
596.096069
1000.000000
343.735229
661.654968
374.390808
349.341797
674.006042
1000.000000
336.445923
690.680725
497.025146
194.180466
531.238647
1000.000000
255.862885
625.023499
405.479706
357.944031
630.833252
1000.000000
360.050598
682.098511
489.736877
230.740845
542.238403
1000.000000
305.406158
709.543030
462.174408
304.467255
661.833496
1000.000000
207.723618
518.485107
487.933319
254.394180
607.734070
1000.000000
214.235336
529.758728
511.910156
237.594162
584.153137
1000.000000
204.395645
521.580811
495.205383
262.831055
619.161011
1000.000000
192.638779
441.143829
521.393250
228.065598
557.007446
1000.000000
233.656982
508.181335
511.254181
259.823059
548.642944
1000.000000
282.048004
565.746399
516.349060
235.281158
550.412537
1000.000000
256.075317
566.523560
535.368530
201.604752
529.384277
1000.000000
229.669388
509.629791
485.779419
240.341721
556.844971
1000.000000
326.348053
648.115906
499.646729
256.640717
543.631653
1000.000000
366.655579
750.608582
469.139496
227.584457
548.111572
1000.000000
275.162323
677.675171
